length
128.5
116.7
134.7
166.2
168.9
160.8
133.2
145.8
144.4
130.3
139.3
232.3
231.1
417.1
353.3
313.5
309.6
322.2
419.7
323.9
356.1
446.9
351.1
338.5
277.6
226.0
312.3
335.9
315.4
238.7
312.4
227.7
226.4
304.3
318.6
288.6
330.8
241.8
238.1
271.5
327.4
276.7
244.2
373.1
385.5
248.4
258.2
344.4
318.0
324.7
207.0
201.2
335.4
245.7
271.3
107.5
117.5
130.0
145.8
167.8
171.0
158.4
155.1
205.0
194.6
187.6
141.7
173.0
163.2
136.2
205.25
143.4
139.9
193.6
121.5
141.9
118.3
138.4
123.9
106.0
113.4
133.0
117.6
137.0
138.2
132.1
141.3
116.4
143.6
141.1
130.2
140.9
140.0
155.0
181.1
152.6
173.8
147.8
183.2
191.0
208.0
205.9
150.4
140.4
163.8
194.5
202.8
194.5
188.8
194.5
179.4
186.0
148.6
139.4
119.7
118.8
165.1
267.4
284.5
131.6
198.9
181.3
184.8
165.8
203.0
140.8
